0 1 0 0
1 1 1 3
2 2 2 5
4 3 3 6
4 3 4 7
5 3 4 8
5 4 5 9
6 4 5 9
6 6 5 10
7 7 6 10
9 8 6 12
9 8 7 13
10 8 7 14
12 9 8 15
14 9 9 16
14 10 10 17
14 10 10 17
16 11 12 18
17 12 15 18
19 14 16 18
20 15 18 19
21 16 18 20
23 18 19 20
24 20 19 20
24 24 20 22
25 24 22 22
25 25 23 22
27 26 23 22
28 28 23 25
30 30 26 26
31 31 26 27
32 33 27 27
32 36 28 28
33 36 29 29
33 36 30 30
35 37 30 31
35 38 30 31
35 42 31 31
36 42 31 34
36 42 31 36
37 43 32 36
39 43 34 39
39 44 34 40
41 44 34 40
41 44 35 40
45 47 35 42
45 48 36 42
46 49 36 44
46 49 37 45
47 50 38 46
47 50 39 46
48 51 40 47
49 51 42 47
50 54 42 47
50 55 44 49
50 55 46 49
52 57 52 50
53 59 52 50
53 59 52 50
55 59 52 52
56 60 52 53
57 61 52 57
59 62 53 58
59 64 54 58
61 66 58 59
63 66 58 60
65 68 62 61
65 73 63 62
66 75 66 62
68 76 66 62
70 76 67 63
71 77 68 63
71 78 70 66
74 78 70 69
75 78 71 70
77 80 71 70
79 80 71 70
79 82 74 72
81 82 74 73
83 82 75 74
83 87 76 75
83 88 76 75
83 89 78 76
84 89 79 77
84 89 80 78
87 91 81 79
87 91 81 80
89 92 81 80
90 92 82 83
90 92 83 84
90 93 84 85
91 94 85 86
91 94 87 91
92 95 88 91
96 95 92 92
97 95 93 92
97 95 94 93
98 98 95 94
98 99 96 94
99 99 98 97
